last-generated=2021-05-05
statistics-simulation=
{
  "numerical Jacobians": "0", 
  "nonlinear": " ", 
  "linear": " "
}
unitTests.x[1]=[0.35285043716430664062, 0.35285043716430664062]
time=[0., 1.]
unitTests.x[2]=[0.08821260929107666016, 0.08821260929107666016]
unitTests.x[3]=[0.03528504446148872375, 0.03528504446148872375]
unitTests.x[4]=[0.0000336515877279453, 0.0000336515877279453]
unitTests.x[5]=[0.00008628390787634999, 0.00008628390787634999]
unitTests.x[6]=[0.00015639707271475345, 0.00015639707271475345]
unitTests.x[7]=[0.01183451339602470398, 0.01183451339602470398]
unitTests.x[8]=[0.01460370142012834549, 0.01460370142012834549]
unitTests.x[9]=[0.02648332901298999786, 0.02648332901298999786]
