last-generated=2017-12-19
statistics-simulation=
{
  "numerical Jacobians": "0", 
  "nonlinear": " ", 
  "linear": " "
}
unitTests.x[1]=[2035.3935546875, 2035.3935546875]
time=[0., 1.]
unitTests.x[2]=[1840.033203125, 1840.033203125]
unitTests.x[3]=[1620.2528076171875, 1620.2528076171875]
unitTests.x[4]=[0.01491831615567207336, 0.01491831615567207336]
unitTests.x[5]=[0.00284800608642399311, 0.00284800608642399311]
unitTests.x[6]=[0.00117261684499680996, 0.00117261684499680996]
unitTests.x[7]=[1.01657497882843017578, 1.01657497882843017578]
unitTests.x[8]=[1.21657502651214599609, 1.21657502651214599609]
unitTests.x[9]=[1.44157505035400390625, 1.44157505035400390625]
