last-generated=2018-05-02
statistics-simulation=
{
  "numerical Jacobians": "0", 
  "nonlinear": " ", 
  "linear": " "
}
unitTests.x[1]=[1., 1.]
time=[0., 1.]
unitTests.x[2]=[1.66810059547424316406, 1.66810059547424316406]
unitTests.x[3]=[2.78255939483642578125, 2.78255939483642578125]
unitTests.x[4]=[4.64158868789672851562, 4.64158868789672851562]
unitTests.x[5]=[7.74263668060302734375, 7.74263668060302734375]
unitTests.x[6]=[12.915496826171875, 12.915496826171875]
unitTests.x[7]=[21.5443477630615234375, 21.5443477630615234375]
unitTests.x[8]=[35.938137054443359375, 35.938137054443359375]
unitTests.x[9]=[59.94842529296875, 59.94842529296875]
unitTests.x[10]=[100., 100.]
