last-generated=2021-05-05
statistics-simulation=
{
  "numerical Jacobians": "0", 
  "nonlinear": " ", 
  "linear": " "
}
unitTests.x[1]=[0.18686398863792419434, 0.18686398863792419434]
time=[0., 1.]
unitTests.x[2]=[0.04671599715948104858, 0.04671599715948104858]
unitTests.x[3]=[0.01868639886379241943, 0.01868639886379241943]
unitTests.x[4]=[0.00002862305882445071, 0.00002862305882445071]
unitTests.x[5]=[0.00007183342677308246, 0.00007183342677308246]
unitTests.x[6]=[0.00013018322351854295, 0.00013018322351854295]
unitTests.x[7]=[0.02135370485484600067, 0.02135370485484600067]
unitTests.x[8]=[0.00811875145882368088, 0.00811875145882368088]
unitTests.x[9]=[0.01472332235425710678, 0.01472332235425710678]
