last-generated=2019-01-08
statistics-simulation=
{
  "numerical Jacobians": "0", 
  "nonlinear": " ", 
  "linear": " "
}
unitTests.x[1]=[1., 1.]
time=[0., 1.]
unitTests.x[2]=[1.2915496826171875, 1.2915496826171875]
unitTests.x[3]=[1.66810059547424316406, 1.66810059547424316406]
unitTests.x[4]=[2.15443468093872070312, 2.15443468093872070312]
unitTests.x[5]=[2.78255939483642578125, 2.78255939483642578125]
unitTests.x[6]=[3.59381365776062011719, 3.59381365776062011719]
unitTests.x[7]=[4.64158868789672851562, 4.64158868789672851562]
unitTests.x[8]=[5.994842529296875, 5.994842529296875]
unitTests.x[9]=[7.74263668060302734375, 7.74263668060302734375]
unitTests.x[10]=[10., 10.]
