last-generated=2018-05-02
statistics-simulation=
{
  "numerical Jacobians": "0", 
  "nonlinear": " ", 
  "linear": " "
}
unitTests.x[1]=[2.67893862724304199219, 2.67893862724304199219]
time=[0., 10.]
unitTests.x[2]=[1.35411798954010009766, 1.35411798954010009766]
unitTests.x[3]=[1., 1.]
unitTests.x[4]=[0.89297950267791748047, 0.89297950267791748047]
unitTests.x[5]=[0.90274530649185180664, 0.90274530649185180664]
unitTests.x[6]=[1., 1.]
unitTests.x[7]=[1.19063937664031982422, 1.19063937664031982422]
unitTests.x[8]=[1.50457549095153808594, 1.50457549095153808594]
unitTests.x[9]=[2., 2.]
unitTests.x[10]=[2.77815842628479003906, 2.77815842628479003906]
